rh.aparc.thickness	rh_bankssts_thickness	rh_caudalanteriorcingulate_thickness	rh_caudalmiddlefrontal_thickness	rh_cuneus_thickness	rh_entorhinal_thickness	rh_fusiform_thickness	rh_inferiorparietal_thickness	rh_inferiortemporal_thickness	rh_isthmuscingulate_thickness	rh_lateraloccipital_thickness	rh_lateralorbitofrontal_thickness	rh_lingual_thickness	rh_medialorbitofrontal_thickness	rh_middletemporal_thickness	rh_parahippocampal_thickness	rh_paracentral_thickness	rh_parsopercularis_thickness	rh_parsorbitalis_thickness	rh_parstriangularis_thickness	rh_pericalcarine_thickness	rh_postcentral_thickness	rh_posteriorcingulate_thickness	rh_precentral_thickness	rh_precuneus_thickness	rh_rostralanteriorcingulate_thickness	rh_rostralmiddlefrontal_thickness	rh_superiorfrontal_thickness	rh_superiorparietal_thickness	rh_superiortemporal_thickness	rh_supramarginal_thickness	rh_frontalpole_thickness	rh_temporalpole_thickness	rh_transversetemporal_thickness	rh_insula_thickness	rh_MeanThickness_thickness	BrainSegVolNotVent	eTIV
sub-c100	2.398	2.267	2.592	1.984	3.309	2.741	2.473	2.907	2.063	2.329	2.746	1.999	2.446	2.984	2.399	2.377	2.662	2.665	2.47	1.816	2.109	2.348	2.452	2.273	2.854	2.383	2.747	2.119	2.899	2.537	2.743	4.049	2.667	2.836	2.49278	1168100.0	1735754.849002
sub-c101	2.64	2.31	2.68	1.941	3.418	2.759	2.483	2.756	2.166	2.264	2.638	2.217	2.447	2.762	2.724	2.611	2.626	2.754	2.482	1.799	2.239	2.233	2.647	2.437	2.616	2.477	2.722	2.212	2.639	2.624	2.796	3.721	2.54	2.925	2.51928	1081763.0	1434309.039666
sub-c102	2.477	2.259	2.655	1.852	3.282	2.775	2.425	2.723	2.561	2.092	2.546	2.128	2.398	2.895	2.416	2.377	2.538	2.442	2.482	1.618	2.109	2.495	2.48	2.338	2.584	2.549	2.646	2.066	2.618	2.678	2.713	2.919	2.157	2.816	2.42818	1111348.0	1687723.503308
sub-c103	2.57	2.4	2.607	1.947	3.691	2.75	2.488	2.727	2.105	2.121	2.598	2.105	2.45	2.849	2.648	2.423	2.368	2.674	2.425	1.679	2.163	2.213	2.59	2.425	2.775	2.397	2.635	2.276	2.738	2.552	2.927	3.417	2.35	2.88	2.47422	1216941.0	1672770.708544
sub-c104	2.417	2.293	2.549	1.969	3.279	2.566	2.416	2.831	2.176	2.187	2.724	1.938	2.717	2.943	2.759	2.371	2.63	2.647	2.471	1.796	2.114	2.412	2.55	2.392	3.064	2.564	2.774	2.15	2.791	2.465	2.818	3.401	2.221	3.055	2.48937	1101003.0	1578255.285546
sub-c105	2.467	1.925	2.506	1.885	3.508	2.8	2.359	2.844	1.901	2.341	2.761	2.001	2.442	2.852	2.531	2.542	2.64	2.761	2.516	1.667	2.066	2.235	2.581	2.356	2.907	2.481	2.643	2.315	2.809	2.418	2.837	3.793	2.464	2.877	2.48171	1115437.0	1674396.367868
sub-c106	2.657	2.23	2.641	2.023	3.278	2.871	2.527	2.971	2.274	2.333	2.679	1.992	2.355	2.861	3.052	2.441	2.693	2.852	2.34	1.569	2.177	2.259	2.515	2.468	2.531	2.341	2.726	2.309	2.792	2.613	2.786	3.916	2.446	2.856	2.50493	1124168.0	1499504.833318
sub-c107	2.452	2.19	2.498	1.902	3.614	2.781	2.491	2.752	2.373	2.295	2.725	2.024	2.434	2.965	2.425	2.365	2.639	2.723	2.617	1.669	2.071	2.444	2.48	2.373	2.603	2.437	2.598	2.29	2.755	2.439	2.853	3.853	2.409	2.921	2.47932	984332.0	1394880.799463
sub-c108	2.593	2.643	2.631	2.022	3.399	2.751	2.549	2.75	2.34	2.369	2.855	2.07	2.698	2.857	2.846	2.535	2.677	2.914	2.549	1.772	1.998	2.346	2.456	2.363	2.953	2.556	2.655	2.159	2.686	2.592	3.474	3.092	2.375	2.837	2.50575	1032715.0	1590798.036834
sub-c109	2.686	2.18	2.569	1.872	3.599	2.738	2.542	2.907	2.388	2.43	2.711	1.983	2.37	3.032	2.788	2.51	2.839	2.719	2.591	1.729	2.279	2.427	2.738	2.52	2.72	2.466	2.681	2.395	2.941	2.639	2.857	3.833	2.569	3.03	2.57639	1371800.0	1876438.104591
sub-c110	2.476	2.19	2.461	1.759	3.153	2.753	2.469	2.911	1.952	2.131	2.64	2.116	2.325	2.721	2.305	2.279	2.503	2.961	2.519	1.722	2.057	2.229	2.462	2.314	2.77	2.425	2.551	2.17	2.732	2.481	2.653	3.827	2.367	2.995	2.43532	1149996.0	1701521.693491
sub-c111	2.759	2.457	2.441	2.041	3.457	2.847	2.514	2.812	2.098	2.419	2.58	2.283	2.58	2.806	2.972	2.505	2.612	2.67	2.471	1.965	2.178	2.437	2.486	2.436	2.814	2.432	2.673	2.359	2.904	2.548	2.97	3.792	2.509	3.031	2.54225	1009439.0	1412613.918877
sub-c112	2.427	2.376	2.6	1.801	3.082	2.594	2.384	2.645	1.946	2.262	2.567	1.777	2.535	2.756	2.272	2.227	2.367	2.577	2.449	1.497	2.115	2.236	2.397	2.277	2.792	2.45	2.707	2.216	2.58	2.397	2.635	3.42	2.207	2.63	2.38676	1053159.0	1562149.81308
sub-c114	2.512	2.259	2.618	1.95	3.017	2.69	2.549	2.713	2.215	2.141	2.653	2.086	2.347	2.917	2.86	2.541	2.803	2.784	2.666	1.586	2.19	2.211	2.599	2.459	2.515	2.399	2.672	2.229	2.743	2.658	2.798	3.863	2.422	3.002	2.49094	1173015.0	1620829.583553
sub-c115	2.425	2.248	2.565	1.925	2.82	2.573	2.379	2.559	2.227	2.216	2.575	1.749	2.354	2.67	2.452	2.257	2.546	3.023	2.277	1.634	2.102	2.199	2.446	2.276	2.654	2.297	2.542	2.161	2.683	2.417	2.757	3.238	2.629	2.884	2.37625	1045181.0	1467214.971724
sub-c116	2.653	2.503	2.518	2.246	3.488	2.913	2.587	3.198	2.329	2.423	2.607	2.009	2.379	3.223	2.431	2.534	2.995	2.929	2.576	1.973	2.249	2.479	2.669	2.606	2.922	2.477	2.909	2.44	2.995	2.686	3.038	4.051	2.627	2.945	2.6327	1027471.0	1338067.411152
sub-c118	2.48	2.195	2.609	2.041	3.262	3.041	2.522	2.927	2.474	2.085	2.804	2.138	2.644	3.026	2.762	2.704	2.761	2.945	2.597	1.615	2.26	2.353	2.558	2.424	2.555	2.449	2.887	2.247	2.934	2.695	2.885	3.56	2.929	3.093	2.57021	1028297.0	1479299.550301
sub-c119	2.703	2.12	2.389	2.003	3.244	2.737	2.362	2.638	1.935	2.328	2.614	1.951	2.292	2.829	2.524	2.339	2.431	2.505	2.375	1.657	2.094	2.166	2.433	2.25	2.769	2.348	2.53	2.132	2.73	2.462	2.603	3.372	2.295	2.636	2.38682	1122942.0	1738992.395021
sub-c121	2.408	2.091	2.441	1.876	2.862	2.682	2.416	2.735	2.094	2.273	2.625	2.129	2.396	2.768	2.704	2.566	2.559	2.612	2.51	1.819	2.033	2.48	2.58	2.33	2.618	2.377	2.572	2.178	2.826	2.433	2.484	3.371	2.511	2.883	2.45474	1177902.0	1720521.210694
sub-c122	2.607	2.208	2.483	1.831	3.338	2.768	2.513	2.946	2.246	2.06	2.798	2.094	2.44	2.947	2.775	2.586	2.586	2.569	2.465	1.618	2.048	2.349	2.44	2.36	2.936	2.443	2.717	2.025	2.937	2.61	3.423	3.504	2.514	2.923	2.48797	1135512.0	1621492.176707
sub-c125	2.707	2.521	2.403	2.051	3.578	2.733	2.544	2.959	2.185	2.36	2.614	2.127	2.524	2.937	2.849	2.492	2.543	2.775	2.651	1.755	2.183	2.417	2.537	2.468	2.735	2.392	2.742	2.263	3.001	2.7	2.822	3.764	2.59	2.774	2.53427	1167871.0	1680484.587298
sub-c126	2.668	2.267	2.505	1.947	3.472	2.856	2.435	2.866	2.355	2.356	2.741	2.004	2.533	2.893	2.622	2.417	2.654	2.886	2.443	1.45	2.24	2.314	2.496	2.385	2.798	2.453	2.699	2.139	2.861	2.507	2.96	3.755	2.354	2.873	2.47599	1155868.0	1565571.689823
sub-c127	2.621	2.228	2.394	1.866	3.164	2.721	2.392	2.755	2.103	2.226	2.684	1.953	2.398	2.734	2.945	2.245	2.487	2.565	2.335	1.593	2.073	2.224	2.342	2.265	2.643	2.409	2.644	2.169	2.713	2.422	2.567	3.444	2.469	2.813	2.4177	1013267.0	1507802.579081
sub-c128	2.316	2.177	2.487	1.672	3.04	2.456	2.354	2.594	2.364	1.992	2.508	1.811	2.252	2.69	2.275	2.307	2.466	2.449	2.322	1.333	1.886	2.222	2.333	2.343	2.795	2.266	2.618	2.092	2.51	2.361	2.841	3.174	2.301	2.619	2.29868	1062531.0	1512481.015333
sub-c129	2.453	2.201	2.369	1.755	3.33	2.826	2.418	2.812	2.344	2.171	2.573	2.077	2.42	2.743	2.605	2.448	2.498	2.755	2.359	1.57	2.011	2.534	2.452	2.338	2.356	2.355	2.557	2.164	2.748	2.413	2.691	3.699	2.732	2.786	2.42242	984181.0	1413092.25612
sub-c130	2.56	2.556	2.495	2.072	3.325	2.782	2.569	2.869	2.402	2.226	2.53	2.028	2.387	2.907	2.794	2.574	2.525	2.35	2.37	1.594	2.133	2.519	2.451	2.493	2.615	2.301	2.667	2.208	2.794	2.559	2.842	3.693	2.603	2.859	2.47785	1259280.0	1739046.616835
sub-c131	2.5	2.236	2.454	1.984	2.899	2.635	2.388	3.022	2.116	2.273	2.653	2.029	2.341	2.812	2.471	2.26	2.596	2.833	2.445	1.64	2.055	2.402	2.294	2.384	2.566	2.444	2.674	2.22	2.785	2.544	3.329	3.491	2.451	2.814	2.4424	1090821.0	1566177.107205
sub-c132	2.562	2.51	2.612	1.972	3.425	2.837	2.657	2.915	2.166	2.273	2.731	2.251	2.591	2.891	2.788	2.569	2.674	2.704	2.602	1.756	2.252	2.405	2.563	2.479	2.881	2.532	2.671	2.415	2.808	2.672	3.103	3.627	2.083	2.78	2.56709	822682.0	1201774.82976
sub-c135	2.524	2.173	2.505	2.041	3.176	2.732	2.498	2.744	2.146	2.075	2.603	1.891	2.579	2.976	2.741	2.414	2.514	2.852	2.428	1.743	2.093	2.32	2.365	2.435	2.687	2.393	2.79	2.226	2.884	2.572	2.756	3.694	2.368	2.655	2.46512	1211789.0	1715930.509781
sub-c136	2.499	2.251	2.563	1.711	2.978	2.644	2.488	2.747	2.099	2.075	2.502	1.973	2.302	2.677	2.59	2.436	2.341	2.57	2.415	1.67	2.09	2.391	2.501	2.306	2.509	2.321	2.542	2.152	2.651	2.546	2.65	3.366	2.475	2.574	2.39629	1192151.0	1725368.039447
sub-c137	2.728	2.056	2.537	1.99	3.074	2.83	2.564	2.761	2.123	2.206	2.758	2.195	2.556	2.887	2.603	2.584	2.584	2.818	2.345	1.833	2.286	2.279	2.675	2.438	2.643	2.438	2.688	2.333	2.871	2.603	2.671	3.698	2.648	2.69	2.53105	1060865.0	1532667.689119
sub-pd101	2.78	2.421	2.852	2.049	3.376	2.765	2.615	2.768	2.065	2.287	2.851	2.117	2.651	3.191	2.763	2.616	2.719	3.035	2.678	1.802	2.219	2.372	2.714	2.459	2.684	2.672	2.934	2.321	3.107	2.692	2.985	4.244	2.837	2.87	2.62606	1056574.0	1467074.429173
sub-pd102	2.325	2.245	2.474	1.869	2.969	2.631	2.255	2.527	2.05	2.196	2.664	1.939	2.639	2.606	2.754	2.437	2.377	2.554	2.251	1.662	2.047	2.265	2.44	2.194	2.775	2.338	2.631	1.995	2.68	2.318	3.053	3.518	2.474	2.894	2.35689	1052779.0	1577719.394007
sub-pd103	2.478	2.28	2.606	1.968	3.179	2.701	2.433	2.762	2.253	2.279	2.76	2.19	2.815	2.95	2.694	2.496	2.522	2.922	2.543	2.196	2.116	2.197	2.47	2.358	2.804	2.599	2.774	2.342	2.707	2.497	3.299	3.414	2.355	2.916	2.52947	889743.0	1294968.796496
sub-pd104	2.658	2.42	2.629	2.032	3.345	2.705	2.471	2.773	2.282	2.109	2.685	2.154	2.36	2.815	2.641	2.321	2.724	2.676	2.437	1.716	2.229	2.324	2.463	2.498	2.656	2.516	2.714	2.202	2.765	2.652	3.052	3.827	2.666	2.872	2.50374	1180392.0	1703640.18298
sub-pd105	2.402	2.174	2.604	2.128	3.035	2.547	2.389	2.664	1.89	2.257	2.495	1.857	2.427	2.712	2.39	2.281	2.293	2.782	2.32	1.649	2.074	2.268	2.513	2.34	2.618	2.403	2.692	2.335	2.484	2.414	2.699	3.458	2.386	2.461	2.4033	985164.0	1506011.326438
sub-pd106	2.545	2.235	2.524	1.889	3.093	2.672	2.384	2.662	2.254	2.234	2.603	2.115	2.363	2.791	2.805	2.452	2.686	2.895	2.574	1.687	2.177	2.298	2.514	2.368	2.619	2.374	2.676	2.151	2.747	2.375	3.021	3.644	2.321	2.751	2.44515	1187508.0	1608998.94831
sub-pd107	2.237	2.217	2.195	1.705	2.247	2.679	2.287	2.831	1.936	2.178	2.541	1.791	2.458	2.69	2.25	2.156	2.35	2.569	2.221	1.471	1.871	2.239	2.106	2.184	2.611	2.376	2.515	2.061	2.57	2.385	3.012	3.372	2.071	2.642	2.28468	953853.0	1447451.057119
sub-pd108	2.439	2.244	2.521	1.915	3.418	2.693	2.397	2.616	2.012	2.225	2.544	2.015	2.322	2.768	2.563	2.44	2.558	2.646	2.486	1.632	2.181	2.379	2.54	2.331	2.486	2.328	2.525	2.26	2.714	2.498	2.674	3.651	2.318	2.834	2.42137	1365129.0	1849652.441139
sub-pd109	2.497	2.12	2.716	1.991	3.466	2.741	2.369	2.826	2.05	2.291	2.524	2.075	2.659	2.815	2.38	2.254	2.662	2.892	2.475	1.783	2.027	2.251	2.466	2.429	2.855	2.543	2.73	2.182	2.691	2.559	2.701	3.932	2.304	2.801	2.46473	1085242.0	1686338.946393
sub-pd111	2.603	2.063	2.55	2.027	3.491	2.664	2.366	2.658	2.129	2.144	2.801	2.049	2.601	2.739	2.553	2.312	2.551	2.72	2.456	1.613	2.082	2.143	2.35	2.275	2.488	2.46	2.682	2.073	2.711	2.427	2.667	3.684	2.152	2.818	2.40807	1122443.0	1689933.04407
sub-pd112	2.624	2.588	2.6	1.754	3.386	2.845	2.516	2.896	2.527	2.243	2.695	2.171	2.366	2.865	2.692	2.431	2.58	2.596	2.432	1.672	2.117	2.506	2.448	2.06	2.69	2.356	2.645	2.108	3.085	2.468	3.282	3.763	2.736	2.988	2.47837	1250611.0	1690318.997367
sub-pd113	2.724	2.549	2.633	1.926	2.969	2.729	2.545	2.792	2.298	2.161	2.694	1.895	2.552	2.907	2.391	2.376	2.521	2.918	2.432	1.721	2.186	2.347	2.586	2.419	2.733	2.41	2.631	2.228	2.835	2.633	2.782	3.804	2.536	2.927	2.48923	1275963.0	1736993.547026
sub-pd114	2.559	2.4	2.541	1.953	3.17	2.625	2.458	2.606	1.909	2.168	2.665	2.064	2.474	2.909	2.749	2.138	2.593	2.859	2.507	1.673	2.167	2.294	2.394	2.356	2.808	2.528	2.616	2.253	2.526	2.533	2.734	3.748	2.28	2.945	2.43582	1113994.0	1567799.259848
sub-pd115	2.59	2.369	2.533	1.912	3.092	2.829	2.54	2.913	2.33	2.135	2.587	2.117	2.439	2.918	2.624	2.525	2.56	2.595	2.414	1.758	2.101	2.641	2.609	2.52	2.528	2.383	2.694	2.236	2.887	2.593	2.897	3.777	2.341	2.957	2.50935	1079580.0	1608644.324901
sub-pd116	2.485	2.079	2.483	1.946	2.751	2.737	2.423	2.713	2.107	2.203	2.906	2.114	2.836	2.8	2.583	2.597	2.589	2.588	2.428	1.623	1.951	2.309	2.508	2.41	2.889	2.444	2.691	2.228	2.689	2.527	2.843	3.603	2.398	2.924	2.46371	1061098.0	1568733.113498
sub-pd117	2.7	2.144	2.595	1.948	3.047	2.633	2.428	2.907	2.442	2.267	2.625	1.892	2.627	2.885	2.543	2.398	2.621	2.968	2.59	1.596	2.011	2.336	2.388	2.577	2.671	2.553	2.767	2.171	2.803	2.51	3.515	3.624	2.353	2.977	2.50403	987988.0	1495290.297987
sub-pd119	2.46	1.96	2.512	1.778	2.587	2.586	2.317	2.805	2.119	2.102	2.725	1.855	2.561	2.848	2.282	2.217	2.393	2.91	2.507	1.664	2.007	2.079	2.264	2.135	2.376	2.514	2.532	2.084	2.611	2.415	2.951	3.1	2.202	2.531	2.35282	923282.0	1401520.411019
sub-pd122	2.565	2.128	2.521	1.826	2.898	2.676	2.48	2.712	2.536	2.121	2.516	1.816	2.416	2.93	2.606	2.46	2.562	2.72	2.443	1.438	2.12	2.407	2.451	2.448	2.551	2.43	2.614	2.266	2.8	2.563	2.589	3.562	2.432	2.768	2.44211	1124432.0	1587241.071441
sub-pd123	2.379	2.569	2.599	1.843	3.047	2.967	2.436	2.865	2.387	2.409	2.523	2.009	2.361	2.81	2.728	2.389	2.573	2.834	2.526	1.758	2.151	2.459	2.583	2.274	2.918	2.479	2.679	2.217	2.833	2.551	2.575	3.565	2.444	2.563	2.48958	862437.0	1250434.335943
sub-pd200	2.59	2.324	2.469	1.94	3.255	2.941	2.457	3.076	2.105	2.341	2.381	1.918	2.154	3.03	2.762	2.53	2.559	2.769	2.44	1.748	2.159	2.306	2.534	2.435	2.665	2.401	2.704	2.245	2.9	2.704	2.214	3.777	2.736	3.01	2.50863	1118882.0	1725068.250665
sub-pd201	2.785	2.126	2.667	2.002	2.862	2.841	2.559	2.815	2.115	2.137	2.725	2.032	2.368	2.826	2.472	2.396	2.657	2.773	2.404	1.535	2.18	2.218	2.505	2.537	2.635	2.478	2.906	2.393	2.762	2.603	2.955	3.46	2.371	2.664	2.51383	949675.0	1425620.607409
